7
9
11
14
19
24
33
34
35
41
43
48
52
56
63
65
69
72
104
106
108
114
119
120
125
128
139
140
141
142
143
154
158
159
160
167
172
173
174
180
192
193
195
196
197
198
199
200
201
206
210
212
213
214
217
228
235
236
238
253
263
266
271
274
277
280
285
287
288
292
294
296
297
300
303
305
316
317
329
330
337
339
343
346
347
353
354
358
359
373
375
376
380
381
382
384
396
398
399
405
408
414
421
426
435
438
442
446
449
450
451
470
471
476
480
485
486
487
488
490
495
500
504
511
518
519
520
521
524
529
533
536
539
542
545
546
548
549
550
552
553
554
556
562
563
564
569
571
573
575
582
584
585
587
588
614
615
621
622
623
624
628
630
631
632
633
636
644
645
648
651
652
654
663
666
668
669
670
672
673
674
676
680
687
689
691
703
714
715
716
718
727
729
730
731
732
738
747
750
754
769
770
774
777
779
781
782
783
784
785
786
787
788
803
813
817
818
821
823
824
826
827
831
833
837
839
844
847
849
850
851
853
856
860
861
863
870
873
876
879
880
881
894
897
899
901
905
907
912
913
915
916
920
921
926
927
940
944
945
948
950
951
954
959
960
964
971
979
984
985
986
995
996
999
1006
1008
1010
1014
1017
1018
1019
1049
1052
1053
1061
1063
1069
1075
1076
1079
1084
1085
1092
1094
1096
1097
1100
1102
1108
1112
1126
1147
1148
1160
1164
1165
1184
1206
1219
1229
1231
1238
1244
1245
1246
1247
1249
1252
1254
1255
1260
1264
1270
1274
1276
1280
1281
1282
1283
1284
1286
1288
1292
1295
1296
1299
1302
1303
1304
1305
1307
1308
1309
1310
1311
1313
1314
1318
1322
1328
1334
1336
1338
1346
1348
1349
1351
1352
1353
1354
1358
1363
1364
1366
1374
1376
1377
1382
1390
1392
1393
1396
1398
1401
1402
1404
1405
1406
1408
1413
1421
1422
1423
1426
1428
1449
1452
1462
1464
1465
1471
1476
1478
1479
1482
1488
1491
1492
1493
1496
1497
1501
1502
1505
1509
1510
1511
1513
1515
1517
1519
1520
1521
1525
1534
1538
1542
1548
1556
1561
1563
1564
1565
1570
1571
1575
1579
1580
1581
1582
1584
1587
1589
1590
1596
1597
1598
1599
1600
1601
1602
1603
1604
1610
1613
1623
1624
1625
1632
1638
1639
1640
1642
1643
1646
1648
1655
1661
1680
1681
1683
1684
1685
1686
1687
1689
1691
1694
1697
1703
1705
1708
1710
1711
1717
1718
1719
1721
1727
1731
1736
1741
1744
1747
1748
1750
1764
1766
1767
1768
1769
1771
1772
1773
1774
1781
1788
1795
1797
1800
1804
1809
1810
1814
1828
1829
1830
1833
1836
1852
1859
1861
1863
1866
1886
1888
1889
1894
1901
1902
1907
1908
1911
1912
1914
1915
1916
1926
1930
1935
1940
1971
2001
2006
2014
2020
2021
2033
2039
2041
2045
2047
2051
2054
2055
2057
2061
2066
2094
2095
2096
2097
2098
2099
2100
2102
2104
2105
2107
2109
2110
2111
2112
2113
2115
2118
2123
2128
2130
2133
2137
2139
2144
2145
2148
2149
2151
2162
2173
2176
2177
2180
2187
2188
2189
2190
2198
2203
2208
2209
2210
2214
2215
2223
2224
2226
2234
2238
2242
2246
2247
2252
2257
2261
2264
2265
2269
2271
2275
2277
2280
2285
2287
2296
2303
2317
2320
2322
2325
2331
2336
2337
2350
2352
2358
2371
2421
2423
2424
2426
2434
2702
2711
2724
2734
2743
2746
2748
2751
2756
2769
2850
2903
3055
3067
3075
3218
3562
3635
3641
3649
3656
3659
3661
3662
3663
3673
3694
3702
3708
3711
3712
3750
3760
3821
3827
3847
3871
3880
3885
3914
3981
3988
4039
4072
4081
4096
4097
4098
4113
4146
4182
4232
4236
4265
4432
4530
4533
4555
4558
4577
4641
4686
4787
4896
4911
4924
4929
4932
4950
4952
4956
4959
5017
5037
5057
5059
5061
5062
5141
5145
5147
5180
5207
5217
5270
5297
5325
5334
5341
5346
5476
5478
5482
5501
5507
5518
5599
5660
5661
5664
5665
5671
5691
5693
5722
5741
5755
5759
5762
5786
5807
5811
5821
5825
5827
5833
5850
5855
5861
5865
5868
5872
5874
5875
5888
5911
6035
6087
6183
6185
6198
6210
6238
6239
6279
6334
6412
6573
6669
6945
7029
7070
7091
7159
7165
7176
7209
7217
7220
7222
7227
7230
7234
7237
7238
7240
7244
7245
7260
7370
7425
7460
7574
7668
7719
7739
7868
7897
7955
7962
7994
7998
8010
8030
8081
8083
8090
8187
8208
8355
8364
8469
8479
8496
8822
8839
8845
8932
8954
9031
9103
9157
9258
9305
9402
9483
9541
9544
9593
9597
9598
9601
9606
9612
9646
9685
9694
9707
9733
9767
9778
9785
9793
9796
9798
9823
9838
9913
9915
9925
9940
9986
10029
10090
10116
10181
10224
10228
12957
13037
13333
13373
13616
13684
13686
13690
13735
13769
13773
15368
27288
27289
27337
27679
27973
28025
28026
28028
28031
28035
28037
28038
28049
28068
28072
28077
28087
28091
28095
28107
28108
28109
28110
28112
28113
28116
28118
28119
28123
28129
28131
28132
28141
28151
28152
28173
28183
28187
28188
28189
28197
28199
28223
28227
28229
28232
28251
28258
28262
28264
28377
28446
28447
28448
28450
28452
28526
28532
28896
28898
28901
28903
28985
29058
29073
29159
29288
29291
29292
29303
29311
29323
29329
29341
29343
29360
29382
29384
29385
29388
29391
29405
29410
29423
29429
29430
29433
29438
29443
29447
29449
29459
29461
29466
29471
29483
29484
29485
29486
29494
29498
29501
29510
29518
29519
29520
29542
29543
29546
29549
29554
29555
29556
29559
29575
29730
29760
29883
29908
30195
31033
31899
31909
31958
31998
32002
32025
32046
32049
32051
32054
32264
32536
33002
33010
33011
33033
33034
33039
33045
33047
33050
33052
33056
33059
33070
33072
33074
33075
33085
33169
33188
33203
33871
33888
33903
33905
33910
33934
33936
33938
33940
33941
33943
33952
33959
33964
33970
33989
33990
33991
33992
33994
33995
33996
34003
34004
34018
34020
34021
34029
34038
34062
34073
34085
34090
34105
34305
35128
35554
35623
35701
35703
35720
35746
35755
35786
35788
35790
35791
35792
35794
35795
35806
35814
35817
35883
36033
36630
36651
36745
36746
36805
36809
36814
36822
36854
36855
36861
36873
36911
36914
37003
37326
37329
37330
37332
37372
37482
37487
37636
37653
37682
37692
37734
37769
37919
37927
37928
38027
38289
38293
38300
38301
38305
38313
38323
38654
38833
38986
39152
39416
39478
39483
39485
39488
39491
39492
39645
39669
39765
39766
39768
39777
39950
39960
40127
40137
40214
40215
40216
40269
40302
40324
40492
40520
40542
40559
40567
40576
40577
40754
40834
41276
41431
41447
41673
41875
41899
41977
42197
42229
42253
42256
42345
42374
42422
42443
42444
42684
42817
42838
42862
42879
43080
43263
43305
43357
43657
43658
43659
43662
43663
43669
43674
43675
43687
43700
43767
43770
43771
43948
43989
44001
44012
44056
44251
44255
44449
44574
44577
44674
44689
44742
44930
45067
45130
45157
45243
45285
45351
45361
45362
45610
45634
45658
45663
45972
46127
46234
46257
46351
46354
46355
46429
46541
46681
46770
46867
47466
47589
47678
47715
47735
47763
47770
47834
47850
47877
47878
47879
47880
47883
47885
47917
48003
48296
48664
48883
48935
49118
49319
49338
49899
50052
50339
50719
51031
51197
51229
51240
51338
51365
51453
51589
51655
51663
51665
51669
51953
52022
52227
52242
52443
52584
52765
52766
52773
53336
53345
53346
53358
53399
53408
53412
53413
53435
53437
53444
53461
53485
53633
53635
53946
53952
53953
54077
54120
54248
54252
54254
54259
54261
54262
54291
54299
54308
54571
54736
54913
55148
55197
55205
55206
55208
55211
55508
55518
55529
55583
55601
55802
56426
56454
56458
56459
56460
56636
56730
56812
56877
56956
56957
57029
57320
57372
57487
57704
57705
57706
57918
57975
58049
58135
58138
58180
58290
58839
59277
59310
59405
59505
59538
59600
59610
59689
59729
59748
59754
59893
59894
59930
60217
60478
60480
60481
60520
60548
60550
60552
60711
60847
60890
60893
60920
60961
61435
61621
61622
61624
61635
61645
61646
61647
61652
61853
62088
62140
62320
62322
62928
62977
63186
63363
63400
63417
63612
63745
64104
64160
64459
64471
64667
64897
65058
65093
65123
65393
65553
65555
65741
65959
66084
66219
66269
66656
66821
67267
67593
67760
67780
67824
67825
67827
67854
68173
68192
68202
68214
68280
68570
68886
68895
68909
69218
69220
69223
69319
69328
69395
69499
69525
69539
69666
69823
69896
69966
70255
70448
70771
70775
70779
70799
70863
70864
71139
71433
71667
71995
71997
71998
71999
72000
72004
72361
72520
72664
72803
73098
73141
73501
73913
73919
74033
74109
74313
74318
74426
74700
74829
74940
74969
75105
75293
75366
75385
75612
75658
75697
75906
75985
76123
76193
76517
76594
76731
76758
76759
76761
76773
76832
76853
76860
76887
76936
77038
77166
78258
78259
78331
78579
78587
78828
79209
79329
79601
79604
79782
79880
79881
79883
79885
79967
80637
80679
80816
80842
80849
80852
80854
80866
80867
80869
81028
81032
81459
81462
81468
81475
81479
81824
81985
82076
82541
82654
82983
82985
82987
82996
83171
83262
83263
83406
83453
83455
83485
83552
83554
83555
83556
83557
83558
83560
83561
83655
83683
83816
83984
83986
84022
84023
84030
84032
84110
84112
84156
84159
84163
84292
84377
84378
84405
84531
84588
84590
84595
84599
84751
84757
84980
85085
85404
85643
85681
85683
85698
85701
85874
85982
85991
86106
86170
86185
86304
86622
86660
86664
86665
87541
87883
88036
88058
88688
89059
89154
89184
89399
90245
90270
90675
91411
91604
91844
91915
92245
92637
92644
92706
92945
92947
93064
93218
93219
93220
93221
93222
93378
93466
93929
93930
93934
93973
94122
94132
94254
94624
94694
95485
95486
96230
96345
96773
96942
97084
97096
97393
97477
97478
98228
99007
99598
99883
100379
100716
100901
101028
101162
101192
101203
101385
101534
101571
101852
102107
102116
102134
102235
102684
103372
103690
103695
103731
103816
103855
104087
104102
104336
104341
104355
104421
104623
105023
105219
105560
106370
106582
106590
106592
106634
106654
107401
107709
108010
108150
108486
108981
109232
109280
109478
109790
110164
110193
110321
110500
110539
110662
111015
111501
111781
111955
113267
113540
113608
113653
114090
114155
114186
114527
114615
114616
115561
115808
116085
117187
117207
118000
118062
118323
118562
118797
119206
119219
119394
119484
119864
120107
120576
120577
120962
121225
121277
121292
121719
121759
123899
125878
126385
126738
126740
128780
128944
129338
129958
130081
130453
130454
131568
132113
132132
132919
132920
133434
133448
133453
133539
133924
133926
134287
134537
134601
134676
134821
134962
135487
135569
135577
135727
135735
136037
136094
136241
136609
136857
137591
138072
138074
138336
138563
138853
139021
139208
140110
141391
141451
142058
142615
142651
142864
142877
143361
143393
143948
144034
145261
145262
145263
145388
145458
146786
146826
146827
146911
146919
146923
146939
147268
147645
147709
148447
148813
148814
149040
149715
150055
150288
150340
150829
151895
152260
152297
152331
152480
152500
152682
152794
153496
153609
153948
155077
155085
155322
155863
155892
155978
156563
156978
157673
157779
157782
157783
157791
158080
158327
158441
158500
158787
158822
158836
158841
158847
158899
159346
159743
160232
160233
160386
160453
160660
160791
160799
160808
161360
161398
161493
161879
161895
161896
161899
161934
162209
162425
162426
163003
163164
163877
164348
164451
164514
164546
164756
164757
165096
166314
166486
166501
166935
167642
167964
167965
168169
168471
168695
168697
169283
169292
169402
169430
169679
169760
170573
170861
171284
171437
171632
171695
172042
172045
172049
172713
172827
173366
173480
174633
176946
177758
178606
178899
179636
180282
180498
181096
181119
181486
181663
182210
182337
182640
182710
182773
184064
184117
184914
184917
185008
185300
186039
186189
186192
186490
186931
186990
187101
187137
187145
187303
187304
187327
187452
187491
187493
187878
187880
188379
188908
188932
189385
189425
189426
189834
189918
190721
190893
190895
191026
191292
191493
191495
191579
191610
192073
192421
192812
192843
193462
194424
194963
195253
195522
196024
196162
196914
197162
197614
198107
198252
198467
198620
199306
199441
199596
200415
200450
200451
200991
202462
202698
202747
203263
203907
203908
204038
204039
204042
204773
205844
206403
208216
208223
208224
208226
208439
208479
208596
208960
208962
209053
209285
209446
212663
212767
213554
214473
214856
214888
215358
215578
215591
215689
215743
215813
216142
216427
216465
216778
216816
216933
216934
216935
216936
216937
216938
216942
216944
216945
216946
217159
217203
217204
219572
219745
219809
220622
220697
221027
221103
221822
222805
223192
223967
224719
225117
225164
225194
225326
225400
225848
225992
225999
226665
228745
229155
229545
229731
229980
230089
230361
231455
231932
232259
232721
233055
233181
233316
234827
234831
235559
236753
237609
237610
237895
238834
239935
240427
240495
241244
241425
242159
242600
242606
242703
244366
244447
244581
244787
245012
245014
245174
245188
246273
246432
246437
246787
246969
247481
247523
248026
248315
248742
249402
251535
251542
251701
252307
252514
252966
252970
253239
253245
255247
255248
256618
256701
257708
257758
258224
259354
259537
260364
260552
260714
261164
261292
261302
261524
261658
261964
262324
263437
263511
263819
264691
264697
265606
265959
265960
266009
266779
266812
267128
267363
267818
269261
270351
271065
271097
271098
271865
272131
272774
273371
273376
273384
274537
274539
277988
278153
279058
279113
279828
280236
281093
281120
282676
283686
283699
283734
283811
284016
285091
285473
286802
287094
288000
288004
288965
290053
290335
290399
290400
291112
291990
292414
292566
292800
292913
293089
293091
293387
294671
294699
295596
296587
296591
298653
298654
298656
298657
299262
299767
300019
300231
300825
301301
301375
302167
302406
304895
307959
308754
309805
309806
309868
309887
310453
310575
310581
310783
311180
311230
311400
311458
312277
312279
312306
312539
313588
313590
313598
313603
313985
314275
314281
314282
314722
315358
315405
316068
316277
316278
316279
316997
317577
317936
318683
318829
319236
320497
320787
321327
321332
323284
323415
323450
324057
324078
324767
325775
326320
326544
326968
327160
327575
328515
328814
330214
330734
330922
332055
332056
332101
332163
332249
332410
332411
332949
333962
334542
334543
334771
334852
335659
336261
336810
337090
337191
337479
338192
338565
340170
340345
341045
342113
342948
342949
345164
345632
347534
348043
348824
349106
349221
349751
351052
351091
351604
351671
351679
351745
353800
354356
356837
357276
357794
357808
358220
358766
359303
359370
359408
360911
361183
361575
362257
362787
362837
363852
363952
364317
364410
365349
365617
366602
367190
367477
367488
367806
367825
368607
370405
371601
372663
373994
374106
374606
374982
375175
375286
375929
376489
376805
377615
379064
379067
379347
379547
380021
380749
381046
385025
386487
386490
386891
387092
387093
387341
387343
388640
389348
390884
391036
391613
392416
392734
393283
393921
394751
394958
395922
395961
395962
396595
397260
397865
398743
399497
399726
399742
400092
400668
400682
401472
401619
402384
403957
404011
404589
405212
406552
407020
407035
408015
408139
409322
410330
411153
412593
412690
412963
413497
413501
413502
413503
413810
413882
413888
413889
414771
414778
414996
415229
416273
416344
417368
418008
418223
418699
419257
419475
419612
420950
423605
424182
426114
426117
427923
430522
430914
432096
432329
435897
436114
436515
437505
441209
442694
443143
443144
444103
444163
444444
445576
445709
445710
446660
446683
446692
446860
447217
447471
450378
450734
453230
453304
453816
454171
454601
455432
456163
456327
456827
458033
459526
460519
461876
463014
463025
463040
465541
465721
466153
467094
470934
471189
471223
471827
472834
473531
475088
475375
475662
477641
477680
477976
479978
480520
481146
481743
482462
482564
482957
483547
483937
484429
484770
487316
488142
488446
488447
488546
488729
488731
488732
490759
492670
496866
497724
497725
497727
497965
498019
498846
499229
499555
502394
502558
502682
507626
511062
511435
511746
512763
513050
513223
515256
516051
519472
522485
526944
528191
528244
529884
530584
531813
531844
535712
535744
536018
536441
543877
543913
544556
544580
546160
546367
547144
547146
547188
549298
550542
551760
552810
553239
553510
553814
554065
556287
556288
556325
556499
558152
561879
563177
565033
568076
570267
571800
571913
571915
571949
573062
573569
573570
573600
573658
573737
575200
576610
576611
580165
581103
582419
583357
584609
585423
585425
585455
587753
588898
588932
589436
589873
591197
592316
593909
594679
609295
610380
616991
617123
622488
624186
626937
627192
630129
631220
632773
633807
634113
637971
638619
639310
639313
640510
640511
640512
643674
644281
645517
648999
649756
649831
649841
650378
651143
651457
651822
652716
655015
656024
656178
656179
656366
656519
657323
657445
658062
658666
664662
664962
665099
665913
665914
666685
666686
669041
669502
670052
670956
671143
671223
671990
673860
673862
674703
679318
681157
682998
683846
686597
691437
692370
693075
693444
696485
698440
698828
701042
702113
702114
708126
708131
710243
712122
712270
712310
712357
712368
712411
712538
712710
713030
713887
715451
716816
716925
717609
717785
718217
721785
722731
728003
739141
741091
742013
743722
744985
745310
745377
746128
748247
748280
748811
751585
751944
754409
754476
754477
755307
755731
756828
756883
756892
758793
758796
758802
759620
762954
767892
768490
768493
794846
794903
795665
796027
857417
859143
859653
860235
861208
861299
862751
863643
866790
867076
868131
870903
875328
876364
877455
878220
879274
879567
881286
882104
884215
884684
885581
887061
888845
889453
891974
911045
911092
914150
925818
927083
929813
930166
930805
931866
935199
936456
936476
940614
940615
943347
944547
945844
946333
946362
948107
948519
971279
979982
980427
981386
983544
983545
983548
984962
984991
985002
985052
985762
991904
994692
994695
994696
996801
1002672
1003110
1004901
1005039
1006005
1006155
1006576
1007105
1007676
1008460
1010676
1016987
1026970
1028989
1030157
1031542
1033846
1033854
1034015
1038856
1041504
1042156
1042877
1047171
1048758
1048829
1050174
1051613
1054217
1055487
1070130
1071379
1072256
1073996
1074467
1076550
1076588
1076596
1077935
1078905
1080068
1082704
1082851
1089444
1094342
1096243
1096856
1096868
1097668
1104324
1105106
1108595
1108849
1109412
1113728
1114980
1116375
1117645
1118153
1118963
1121358
1124597
1125847
1126833
1127744
1131462
1131703
1131707
1134405
1134435
1134687
1136941
1137606
1138383
1138822
1144748
1145276
1147129
1148157
1150389
1155739
1156431
1156433
1157947
1157948
1158459
1159327
1160721
1160784
1161942
1163710
1166130
1166950
1168034
1168287
1169025
1173025
1173026
1173027
1173032
1173263
1175444
1175445
1176587
1176649
1177574
1177712
1178482
1178515
1178516
1178537
1178778
1182568
1182571
1183377
1184387
1186051
1188319
1191459
1193095
1196083
1196095
1197717
1199245
1200300
1202447
1203471
1207075
1207504
1208324
1209493
1214604
1215089
1216932
1217908
1221500
1223514
1223566
1226757
1226968
1227555
1229727
1229909
1230341
1230998
1231000
1233873
1234841
1235591
1235990
1236046
1236179
1239307
1244531
1245910
1248727
1249480
1249552
1249553
1250539
1257021
1262452
1263550
1263979
1265601
1267021
1267766
1273132
1273541
1273687
1274631
1280380
1284658
1287055
1288494
1288970
1291540
1294143
1295392
1295609
1296669
1297617
1297742
1300914
1301032
1301915
1302659
1306274
1306519
1306787
1306993
1307761
1307763
1307839
1309411
1310165
1315974
1316444
1316941
1318617
1318743
1324350
1324352
1325564
1327635
1327989
1329899
1330330
1331258
1331295
1331682
1331910
1332080
1332188
1332264
1333523
1333996
1334193
1335048
1335746
1335757
1336806
1337936
1340425
1348114
1348774
1349819
1350461
1353260
1355015
1355330
1355477
1356852
1357915
1357916
1365176
1379159
1379270
1379702
1379870
1379909
1379910
1383885
1384459
1385663
1385664
1387353
1389005
1389192
1390395
1391653
1391654
1394889
1397108
1399115
1400053
1402135
1404244
1404768
1406512
1407071
1407499
1408191
1408204
1408281
1410383
1410606
1411621
1411902
1415630
1415657
1416614
1416627
1419814
1420916
1420917
1424294
1427356
1427364
1432056
1432792
1433126
1434099
1434100
1434102
1434103
1436290
1437364
1437453
1442136
1444770
1445505
1446467
1446792
1450761
1453352
1457141
1457153
1457365
1458307
1458425
1458426
1458492
1459637
1462747
1462996
1463165
1468409
1469502
1470176
1470434
1471761
1472345
1472767
1476577
1476901
1482074
1483572
1484116
1484118
1484157
1484158
1484693
1486034
1486245
1486262
1486991
1487956
1490052
1490057
1492737
1492898
1494608
1495144
1495769
1499308
1499973
1500254
1500686
1500960
1501268
1501269
1503054
1503055
1504981
1505596
1505597
1505907
1508404
1508644
1509244
1510466
1511761
1514074
1514105
1515612
1519377
1520670
1522671
1526571
1526658
1526927
1528098
1528099
1529068
1529069
1531429
1532555
1536769
1536770
1536771
1536772
1536773
1536774
1536775
1538553
1538644
1539298
1541959
1542390
1543721
1545702
1545728
1545835
1546149
1547283
1547445
1547898
1547899
1548547
1548548
1549855
1549858
1550241
1550579
1550728
1555112
1560339
1560345
1561924
1562970
1564114
1564506
1564681
1565605
1565991
1566358
1570328
1570330
1572656
1574141
1576550
1577684
1577685
1577791
1578165
1578828
1579316
1579979
1580092
1580596
1581557
1581680
1582439
1583098
1583100
1586287
1588023
1592728
1593482
1598147
1603555
1603606
1604004
1605891
1608454
1608628
1609559
1609758
1609966
1609968
1609977
1610493
1610576
1611770
1612173
1612551
1612552
1615909
1616117
1616788
1617448
1618207
1619308
1619313
1620215
1620392
1620421
1622118
1628753
1629723
1630135
1630141
1630693
1631871
1632864
1632865
1633874
1634516
1636152
1636608
1637999
1639108
1639348
1641402
1642299
1642646
1642647
1643450
1646498
1647413
1648404
1648923
1649184
1649877
1650654
1650658
1652495
1652545
1653476
1653478
1653479
1653480
1653831
1658665
1658671
1658672
1660083
1662285
1663591
1664069
1670800
1671721
1673076
1673428
1674146
1674922
1674923
1675036
1675686
1677857
1678028
1678128
1678129
1678678
1678728
1679096
1679444
1679497
1679721
1685010
1686310
1688404
1690248
1690483
1690484
1690485
1690815
1692238
1695218
1696072
1697043
1697053
1699622
1699624
1700835
1700836
1702221
1702325
1703250
1703962
1703966
1704044
1704307
1704499
1705394
1705617
1707785
1708541
1709381
1712654
1712675
1714373
1714848
1714849
1714860
1715806
1715989
1716143
1717717
1719125
1720309
1720344
1721091
1723645
1725232
1725411
1727163
1727164
1727196
1729720
1735162
1736674
1737403
1740162
1743172
1748243
1749074
1749259
1750719
1751286
1751294
1752063
1752064
1755811
1756149
1756150
1758178
1758194
1758689
1759399
1761453
1763535
1763538
1768108
1768242
1769779
1771959
1774273
1774743
1777491
1778262
1778263
1778264
1778540
1778675
1779382
1783515
1784713
1784714
1785128
1785995
1785996
1788301
1789224
1789762
1790137
1792307
1792508
1793721
1794699
1795043
1795053
1795355
1795630
1795631
1795874
1796613
1796616
1796646
1798018
1802984
1803846
1804984
1804986
1805933
1806506
1806508
1806885
1806905
1807358
1809055
1810504
1811193
1812935
1813019
1813182
1813821
1816218
1816219
1821621
1821960
1823759
1825976
1827305
1827469
1833852
1834196
1834198
1834205
1834207
1834519
1835254
1835721
1836467
1838286
1839801
1842532
1842533
1842534
1842535
1842536
1842537
1842539
1842540
1842727
1843368
1844006
1847728
1848904
1849031
1849032
1849491
1849967
1850093
1850238
1850246
1850250
1850252
1850254
1850526
1851148
1851395
1851505
1851544
1853130
1853278
1855519
1855823
1855912
1856685
1860122
1862950
1866325
1867719
1867846
1868325
1868589
1869170
1869241
1870820
1871111
1873524
1873960
1874317
1882682
1883416
1884263
1884634
1884904
1884905
1884907
1884913
1884914
1884915
1884916
1889813
1891098
1891279
1891280
1891675
1891926
1896196
1896961
1897729
1898103
1898108
1898379
1898474
1898749
1899017
1902136
1902579
1903186
1903686
1903694
1903704
1904441
1904640
1904944
1905730
1905847
1906741
1906742
1907578
1909395
1909732
1911175
1911586
1911587
1911683
1911684
1911685
1912856
1912897
1913577
1913578
1915078
1916917
1917421
1917485
1920109
1920110
1920114
1920116
1920191
1920749
1920883
1921086
1921087
1921421
1921510
1926494
1929246
1930546
1930764
1932004
1932360
1933220
1933880
1933904
1933906
1933907
1933910
1933912
1936080
1936081
1938604
1938605
1938606
1938607
1940762
1940790
1941349
1945512
1945658
1945662
1960083
1961362
1961713
1963032
1965231
1967665
1967666
1967781
1967783
1968541
1972431
1974213
1978337
1978566
1980001
1985254
1985873
1986146
1986204
1986224
1986952
1987356
1987723
2003551
2005046
2005262
2005460
2005884
2006110
2008440
2009329
2011159
2015076
2017483
2017484
2017485
2017966
2018025
2018305
2020311
2020486
2021234
2021862
2023229
2024580
2025350
2025808
2025876
2025949
2026199
2026240
2026785
2026799
2026885
2027290
2027857
2029983
2029986
2030797
2033033
2033438
2033844
2036206
2039166
2040624
2042057
2044521
2045208
2048283
2048654
2051553
2052657
2052660
2052837
2052938
2054173
2054282
2055160
2055892
2057025
2057246
2057741
2057808
2058097
2058134
2058135
2058136
2058137
2059672
2059875
2060312
2060726
2065379
2066070
2067957
2067960
2069432
2070369
2071627
2072025
2072503
2072590
2077182
2079227
2079575
2079791
2079792
2079793
2080469
2080742
2081702
2081703
2081964
2082949
2083786
2086290
2094025
2094242
2099786
2100422
2107713
2108470
2109625
2109913
2109914
2109915
2115978
2116657
2116702
2126319
2126346
2126553
2136172
2144175
2153385
2161872
2163011
2169400
2169540
2170745
2172099
2172103
2172536
2173169
2182384
2183547
2183582
2183911
2201350
2201999
2202141
2202254
2202825
2203895
2211140
2218628
2219696
2231055
2259340
2259595
2259647
2259883
2267264
2268024
2268026
2268087
2282170
2282475
2282656
2283194
2283195
2283318
2290922
2293862
2303331
2303538
2304594
2304600
2305508
2315449
2315862
2319843
2319844
2320858
2321403
2341117
2419771
2419773
2419774
2420509
2478662
2478663
2478912
2479367
2480923
2488560
